*Content of Both/Thank_You_Girl.mid
*Track 1
*No note_on events found in Track 1
*Track 2
(-3,0) (-2,0) (3,-1) (-5,1) (0,-1) (2,0) (2,0) (-4,2) (0,-1) (2,0) (3,0) (-5,2) 
(-3,-1) (-2,0) (-2,0) (0,3) (7,0) (0,-1) (7,0) (-2,0) (-5,2) (0,-1) (7,0) (-2,0)
(-5,2) (5,-1) (-10,0) (-2,0) (7,3) (9,-2) (0,0) (1,1) (-1,0) (-2,0) (-2,0) (7,2)
(-3,-1) (-2,0) (-2,1) (0,1) (-1,-1) (-2,1) (-2,1) (7,2) (-3,0) (-2,0) (3,-1) 
(-5,1) (0,-1) (2,0) (2,0) (-4,2) (0,-1) (2,0) (3,0) (-5,2) (-3,-1) (-2,0) (-2,0)
(0,3) (7,0) (0,-1) (7,0) (-2,0) (-5,2) (0,-1) (7,0) (-2,0) (-5,2) (5,-1) (-10,0)
(-2,0) (7,3) (9,-2) (0,0) (1,1) (-1,0) (-2,0) (-2,0) (7,2) (-3,-1) (-2,0) (-2,1)
(0,1) (-1,-1) (-2,1) (5,1) (-2,0) (0,0) (-1,0) (-2,0) (-2,0) (-2,0) (-1,0) 
(-2,0) (-2,0) (7,0) (0,0) (2,0) (-2,2) (0,0) (0,0) (2,0) (-2,2) (7,0) (-2,0) 
(-1,0) (-2,0) (-2,0) (-2,0) (-1,0) (1,0) (4,0) (-2,0) (-2,0) (2,2) (9,1) (0,-2) 
(1,1) (-1,0) (-2,0) (-2,0) (-1,2) (5,-1) (-2,0) (-2,1) (0,1) (-1,-1) (-2,1) 
(0,1) (5,2) (-3,0) (-2,0) (3,-1) (-5,1) (0,-1) (2,0) (2,0) (-4,2) (0,-1) (2,0) 
(3,0) (-5,2) (-3,-1) (-2,0) (-2,0) (0,3) (7,0) (0,-1) (7,0) (-2,0) (-5,2) (0,-1)
(7,0) (-2,0) (-5,2) (5,-1) (-10,0) (-2,0) (7,3) (9,-2) (0,0) (1,1) (-1,0) (-2,0)
(-2,0) (7,2) (-3,-1) (-2,0) (-2,1) (0,1) (-1,-1) (-2,1) (-2,1) (7,2) (-3,0) 
(1,0) (0,0) (2,0) (-3,0) (1,0) (0,0) (2,0) (-3,0) (1,0) (0,0) 
*Track 3
(-2,0) (2,4) (0,-3) (-2,0) (-5,4) (0,-5) (0,0) (2,0) (-2,2) (2,3) (0,-3) (-2,0) 
(-2,0) (2,2) (7,3) (0,-1) (-2,0) (2,4) (0,-5) (-1,0) (1,1) (-2,1) (0,3) (0,-5) 
(0,0) (5,0) (-1,0) (0,0) (-4,0) (5,0) (2,0) (-7,1) 
*Track 4
(0,0) (0,0) (9,0) (-9,0) (0,0) (0,0) (0,0) (5,0) (-7,0) (0,0) (7,0) (-7,0) (7,0)
(-7,0) (0,0) (2,0) (0,0) (0,0) (9,0) (-9,0) (0,0) (0,0) (0,0) (5,0) (-7,0) (0,0)
(7,0) (-7,0) (7,0) (-7,0) (0,0) (19,0) (0,0) (0,0) (0,0) (5,0) (0,0) (0,0) 
(-12,0) (7,0) (0,0) (0,0) (0,0) (5,0) (0,0) (0,0) (-12,0) (7,0) (-12,0) (12,0) 
(-12,0) (19,0) (-12,0) (12,0) (-12,0) (5,0) (0,0) (0,0) (0,0) (5,0) (0,0) (0,0) 
(-12,0) (7,0) (0,0) (0,0) (0,0) (5,0) (0,0) (0,0) (-12,0) (7,0) (0,0) (0,0) 
(0,0) (5,0) (0,0) (0,0) (-12,0) (7,0) (-12,0) (12,0) (-12,0) (19,0) (-12,0) 
(12,0) (-12,0) (-7,1) (0,0) (0,1) (7,0) (0,1) (-7,0) (-7,0) (0,0) (0,0) (7,0) 
(-7,0) (0,0) (7,0) (-5,1) (7,0) (0,1) (0,0) (0,1) (15,0) (0,0) (-12,0) (12,0) 
(0,0) (0,0) (0,0) (0,0) (2,1) (0,0) (0,1) (0,0) (0,1) (-24,0) (0,0) (0,0) (9,0) 
(-9,0) (0,0) (0,0) (0,0) (5,0) (-7,0) (0,0) (7,0) (-7,0) (7,0) (-7,0) (0,0) 
(2,0) (0,0) (0,0) (9,0) (-9,0) (0,0) (0,0) (0,0) (5,0) (-7,0) (0,0) (7,0) (-7,0)
(7,0) (-7,0) (0,0) (19,0) (0,0) (0,0) (0,0) (5,0) (0,0) (0,0) (-12,0) (7,0) 
(0,0) (0,0) (0,0) (5,0) (0,0) (0,0) (-12,0) (7,0) (-12,0) (12,0) (-12,0) (19,0) 
(-12,0) (12,0) (-12,0) (5,0) (0,0) (0,0) (0,0) (5,0) (0,0) (0,0) (-12,0) (7,0) 
(0,0) (0,0) (0,0) (5,0) (0,0) (0,0) (-12,0) (7,0) (0,0) (0,0) (0,0) (5,0) (0,0) 
(0,0) (-12,0) (7,0) (-12,0) (12,0) (-12,0) (19,0) (-12,0) (12,0) (-12,0) (-7,1) 
(0,0) (0,1) (7,0) (0,1) (-7,0) (-7,0) (0,0) (0,0) (7,0) (-7,0) (0,0) (7,0) 
(-5,1) (7,0) (0,1) (0,0) (0,1) (15,0) (0,0) (-12,0) (12,0) (0,0) (0,0) (0,0) 
(0,0) (2,1) (0,0) (0,1) (0,0) (0,1) (-10,0) (-12,0) (12,0) (-9,0) (9,0) (0,0) 
(-5,0) (-4,1) (0,0) (12,0) (-5,0) (0,0) (5,0) (-12,0) (19,1) (0,0) (-2,0) (0,0) 
(0,0) (2,0) (-5,0) (5,1) (0,0) (-2,0) (0,0) (0,0) (2,0) (-5,0) (0,1) (-12,0) 
(12,0) (-12,0) (12,0) (0,0) (0,0) (5,1) (0,0) (-2,0) (0,0) (0,0) (2,0) (-5,0) 
(-14,1) (0,0) (12,0) (-5,0) (0,0) (5,0) (-12,0) (0,1) (0,0) (12,0) (-5,0) (0,0) 
(5,0) (-12,0) (5,1) (12,0) (-12,0) (0,0) (7,0) (0,0) (0,0) (7,1) (0,0) (-2,0) 
(0,0) (0,0) (2,0) (-5,0) (-9,1) (12,0) (-12,0) (0,0) (7,0) (0,0) (0,0) (7,1) 
(0,0) (-2,0) (0,0) (0,0) (2,0) (-5,0) (-19,0) (0,0) (0,0) (9,0) (-9,0) (0,0) 
(0,0) (0,0) (5,0) (-7,0) (0,0) (7,0) (-7,0) (7,0) (-7,0) (0,0) (2,0) (0,0) (0,0)
(9,0) (-9,0) (0,0) (0,0) (0,0) (5,0) (-7,0) (0,0) (7,0) (-7,0) (7,0) (-7,0) 
(0,0) (19,0) (0,0) (0,0) (0,0) (5,0) (0,0) (0,0) (-12,0) (7,0) (0,0) (0,0) (0,0)
(5,0) (0,0) (0,0) (-12,0) (7,0) (-12,0) (12,0) (-12,0) (19,0) (-12,0) (12,0) 
(-12,0) (5,0) (0,0) (0,0) (0,0) (5,0) (0,0) (0,0) (-12,0) (7,0) (0,0) (0,0) 
(0,0) (5,0) (0,0) (0,0) (-12,0) (7,0) (0,0) (0,0) (0,0) (5,0) (0,0) (0,0) 
(-12,0) (7,0) (-12,0) (12,0) (-12,0) (19,0) (-12,0) (12,0) (-12,0) (-7,1) (0,0) 
(0,1) (7,0) (0,1) (-7,0) (-7,0) (0,0) (0,0) (7,0) (-7,0) (0,0) (7,0) (-5,1) 
(7,0) (0,1) (0,0) (0,1) (15,0) (0,0) (-12,0) (12,0) (0,0) (0,0) (0,0) (0,0) 
(2,1) (0,0) (0,1) (0,0) (0,1) (-17,0) (-7,0) (0,0) (9,0) (-9,0) (0,0) (0,0) 
(0,0) (5,0) (-7,0) (0,0) (0,0) (0,0) (7,0) (-7,0) (9,0) (-7,0) (0,0) (0,0) (0,0)
(0,0) (7,0) (-7,0) (0,0) (5,0) (-7,0) (0,0) (0,0) (0,0) (0,0) (0,0) (0,0) (19,0)
(0,0) (-12,0) (9,0) (-4,0) (12,0) (0,0) (-10,0) (5,0) (0,0) (-12,0) (9,0) (-4,0)
(12,0) (0,0) (-15,0) (-7,0) (0,0) (0,0) (0,0) (0,0) (7,0) (-7,0) (0,0) (5,0) 
(-7,0) (0,0) (0,0) (0,0) (0,0) (0,0) (0,0) (19,0) (0,0) (-12,0) (9,0) (-4,0) 
(12,0) (0,0) (-10,0) (5,0) (0,0) (-12,0) (9,0) (-4,0) (12,0) (0,0) (-15,0) 
(-7,0) (0,0) (0,0) (0,0) (0,0) (7,0) (-7,0) (0,0) (5,0) (-7,0) (0,0) (0,0) (0,0)
(0,0) (0,0) (0,0) (19,0) (0,0) (-12,0) (9,0) (-4,0) (12,0) (0,0) (-10,0) (-7,0) 
(0,0) (0,0) (9,0) (-9,0) (0,0) (0,0) (0,0) (0,1) 
*Track 5
(5,-3) (-2,0) (-10,0) (7,0) (-7,0) (0,0) (7,0) (-7,0) (10,0) (0,0) (0,0) (0,0) 
(0,0) (0,0) (-5,0) (-7,0) (7,0) (0,0) (0,0) (0,0) (5,0) (0,0) (0,0) (-12,0) 
(7,0) (0,0) (0,0) (0,0) (5,0) (0,0) (0,0) (-12,0) (7,0) (-12,0) (12,0) (-12,0) 
(19,0) (-12,0) (12,0) (-12,0) (5,0) (0,0) (0,0) (0,0) (5,0) (0,0) (0,0) (-12,0) 
(7,0) (0,0) (0,0) (0,0) (5,0) (0,0) (0,0) (-12,0) (7,0) (0,0) (0,0) (0,0) (5,0) 
(0,0) (0,0) (-12,0) (7,0) (-12,0) (12,0) (-12,0) (19,0) (-12,0) (12,0) (-12,0) 
(-7,1) (0,0) (0,1) (7,0) (0,1) (-2,0) (0,0) (0,1) (0,0) (0,0) (12,0) (-10,1) 
(0,0) (0,1) (12,0) (-2,0) (-10,0) (-2,1) (0,0) (0,1) (0,0) (0,0) (12,0) (-10,1) 
(0,0) (0,1) (12,0) (-2,0) (-10,0) (7,4) (5,-3) (-2,0) (-10,0) (7,0) (-7,0) (0,0)
(7,0) (-7,0) (10,0) (0,0) (0,0) (0,0) (0,0) (0,0) (-5,0) (-7,0) (7,0) (0,0) 
(0,0) (0,0) (5,0) (0,0) (0,0) (-12,0) (7,0) (0,0) (0,0) (0,0) (5,0) (0,0) (0,0) 
(-12,0) (7,0) (-12,0) (12,0) (-12,0) (19,0) (-12,0) (12,0) (-12,0) (5,0) (0,0) 
(0,0) (0,0) (5,0) (0,0) (0,0) (-12,0) (7,0) (0,0) (0,0) (0,0) (5,0) (0,0) (0,0) 
(-12,0) (7,0) (0,0) (0,0) (0,0) (5,0) (0,0) (0,0) (-12,0) (7,0) (-12,0) (12,0) 
(-12,0) (19,0) (-12,0) (12,0) (-12,0) (-7,1) (0,0) (0,1) (7,0) (0,1) (-2,0) 
(0,0) (0,1) (0,0) (0,0) (12,0) (-10,1) (0,0) (0,1) (12,0) (-2,0) (-10,0) (-2,1) 
(0,0) (0,1) (0,0) (0,0) (12,0) (-10,1) (0,0) (0,1) (12,0) (-2,0) (-10,0) (-10,1)
(0,0) (12,1) (0,0) (0,0) (-12,0) (3,1) (0,0) (0,1) (0,0) (0,0) (12,0) (7,1) 
(0,0) (0,1) (0,0) (-12,0) (0,0) (12,1) (0,0) (0,1) (0,0) (-12,0) (0,0) (7,1) 
(-12,0) (0,1) (0,0) (0,0) (12,0) (5,1) (0,0) (0,1) (0,0) (-12,0) (0,0) (-7,1) 
(0,0) (0,1) (0,0) (0,0) (12,0) (-12,1) (0,0) (0,1) (0,0) (0,0) (12,0) (-7,1) 
(0,0) (12,1) (-12,0) (0,0) (0,0) (14,1) (0,0) (0,1) (0,0) (-12,0) (0,0) (-2,1) 
(0,0) (12,1) (-12,0) (0,0) (0,0) (14,1) (0,0) (0,1) (0,0) (-12,0) (0,0) (7,4) 
(5,-3) (-2,0) (-10,0) (7,0) (-7,0) (0,0) (7,0) (-7,0) (10,0) (0,0) (0,0) (0,0) 
(0,0) (0,0) (-5,0) (-7,0) (7,0) (0,0) (0,0) (0,0) (5,0) (0,0) (0,0) (-12,0) 
(7,0) (0,0) (0,0) (0,0) (5,0) (0,0) (0,0) (-12,0) (7,0) (-12,0) (12,0) (-12,0) 
(19,0) (-12,0) (12,0) (-12,0) (5,0) (0,0) (0,0) (0,0) (5,0) (0,0) (0,0) (-12,0) 
(7,0) (0,0) (0,0) (0,0) (5,0) (0,0) (0,0) (-12,0) (7,0) (0,0) (0,0) (0,0) (5,0) 
(0,0) (0,0) (-12,0) (7,0) (-12,0) (12,0) (-12,0) (19,0) (-12,0) (12,0) (-12,0) 
(-7,1) (0,0) (0,1) (7,0) (0,1) (-2,0) (0,0) (0,1) (0,0) (0,0) (12,0) (-10,1) 
(0,0) (0,1) (12,0) (-2,0) (-10,0) (-2,1) (0,0) (0,1) (0,0) (0,0) (12,0) (-10,1) 
(0,0) (0,1) (12,0) (-2,0) (-10,0) (12,0) (-2,0) (0,0) (-3,0) (3,0) (0,0) (-10,0)
(0,0) (10,0) (-12,0) (0,0) (0,0) (12,0) (-12,0) (0,0) (0,0) (14,0) (-2,0) (0,0) 
(-3,0) (3,0) (0,0) (-10,0) (0,0) (10,0) (-12,0) (0,0) (0,0) (12,0) (-12,0) (0,0)
(0,0) (-5,0) (7,0) (-7,0) (0,0) (5,0) (0,0) (0,0) (0,0) (-5,0) (7,0) (-7,0) 
(0,0) (5,0) (0,0) (0,0) (0,0) (14,0) (-2,0) (0,0) (-3,0) (3,0) (0,0) (-10,0) 
(0,0) (10,0) (-12,0) (0,0) (0,0) (12,0) (-12,0) (0,0) (0,0) (-5,0) (7,0) (-7,0) 
(0,0) (5,0) (0,0) (0,0) (0,0) (-5,0) (7,0) (-7,0) (0,0) (5,0) (0,0) (0,0) (0,0) 
(14,0) (-2,0) (0,0) (-3,0) (3,0) (0,0) (-10,0) (0,0) (10,0) (-12,0) (0,0) (0,0) 
(12,0) (-12,0) (0,0) (0,0) (-5,0) (7,0) (-7,0) (0,0) (5,0) (0,0) (0,0) (0,0) 
(-1,0) (-4,0) (0,0) (0,0) (0,0) (0,0) (0,0) (0,0) (0,1) 
*Track 6
(0,-2) (-5,0) (0,0) (3,0) (0,0) (-5,0) (0,0) (0,0) (0,0) (5,0) (0,0) (-5,0) 
(0,0) (5,0) (0,0) (-5,0) (0,0) (7,0) (0,0) (-7,0) (0,0) (5,0) (0,0) (-5,0) (0,0)
(5,0) (0,0) (-5,0) (0,0) (5,0) (0,0) (-5,0) (0,0) (7,0) (0,0) (-7,0) (0,0) (7,0)
(0,0) (-2,0) (0,0) (-5,0) (0,0) (7,0) (0,0) (-5,0) (0,0) (5,0) (0,0) (-7,0) 
(0,0) (7,0) (0,0) (-5,0) (0,0) (5,3) (0,-2) (-5,0) (0,0) (3,0) (0,0) (-5,0) 
(0,0) (0,0) (0,0) (5,0) (0,0) (-5,0) (0,0) (5,0) (0,0) (-5,0) (0,0) (7,0) (0,0) 
(-7,0) (0,0) (5,0) (0,0) (-5,0) (0,0) (5,0) (0,0) (-5,0) (0,0) (5,0) (0,0) 
(-5,0) (0,0) (7,0) (0,0) (-7,0) (0,0) (7,0) (0,0) (-2,0) (0,0) (-5,0) (0,0) 
(7,0) (0,0) (-5,0) (0,0) (5,0) (0,0) (-7,0) (0,0) (7,0) (0,0) (-5,0) (0,0) (7,0)
(0,0) (-5,0) (0,0) (-4,0) (7,0) (0,0) (0,0) (0,0) (0,0) (-5,0) (0,0) (5,0) (0,0)
(-5,0) (0,0) (0,0) (0,0) (0,0) (0,0) (5,0) (0,1) (0,-1) (-8,1) (3,0) (-2,0) 
(7,0) (0,1) (-8,-1) (1,2) (4,-1) (3,1) (-3,0) (-4,0) (5,1) (-5,0) (0,0) (7,0) 
(0,0) (-5,0) (0,0) (3,0) (0,0) (-5,0) (0,0) (7,0) (0,0) (-5,0) (0,0) (5,3) 
(0,-2) (-5,0) (0,0) (3,0) (0,0) (-5,0) (0,0) (0,0) (0,0) (5,0) (0,0) (-5,0) 
(0,0) (5,0) (0,0) (-5,0) (0,0) (7,0) (0,0) (-7,0) (0,0) (5,0) (0,0) (-5,0) (0,0)
(5,0) (0,0) (-5,0) (0,0) (5,0) (0,0) (-5,0) (0,0) (7,0) (0,0) (-7,0) (0,0) (7,0)
(0,0) (-2,0) (0,0) (-5,0) (0,0) (7,0) (0,0) (-5,0) (0,0) (5,0) (0,0) (-7,0) 
(0,0) (7,0) (0,0) (-5,0) (0,0) (5,0) (0,0) (0,0) (0,0) (0,0) (0,0) (0,0) (0,0) 
(0,0) (0,0) (0,0) (0,0) (0,0) (0,0) (0,1) (0,0) (-5,0) (0,0) (3,0) (0,0) (-5,0) 
(0,0) (0,0) (0,0) (5,0) (0,0) (-5,0) (0,0) (5,0) (0,0) (2,0) (0,0) (-5,0) (0,0) 
(3,0) (0,0) (-5,0) (0,0) (0,0) (0,0) (5,0) (0,0) (-5,0) (0,0) (5,0) (0,0) (2,0) 
(0,0) (-5,0) (0,0) (3,0) (0,0) (-5,0) (0,0) (0,0) (0,0) (5,0) (0,0) (-5,0) (0,0)
(0,0) (0,0) (0,0) (0,0) (0,0) (0,0) (0,0) (0,1) 
*Track 7
(0,0) (0,0) (0,0) (0,0) (0,0) (0,0) (0,0) (0,0) (0,0) (0,0) (0,0) (0,0) (0,0) 
(14,0) (-12,0) (0,1) (15,0) (0,0) (0,0) (0,0) (0,0) (0,0) (0,0) (0,0) (0,0) 
(0,0) (0,0) (0,0) (0,0) (0,0) (0,0) (0,0) (0,0) (0,0) (0,0) (0,0) (0,0) (0,0) 
(0,0) (0,0) (0,0) (0,0) (-15,0) (15,0) (0,0) (0,0) (-15,0) (15,0) (0,0) (0,0) 
(0,0) (0,0) (0,0) (0,0) (-15,0) (15,0) (0,0) (0,0) (0,0) (0,0) (0,0) (0,0) 
(-15,0) (15,0) (0,0) (0,0) (0,0) (0,0) (0,0) (0,0) (0,0) (0,0) (0,0) (0,0) 
(-15,0) (15,0) (0,0) (0,0) (-15,0) (15,0) (0,0) (0,0) (0,0) (0,0) (0,0) (0,0) 
(-15,0) (15,0) (0,0) (0,0) (0,0) (0,0) (0,0) (0,0) (-15,0) (15,0) (0,0) (0,0) 
(0,0) (0,0) (0,0) (0,0) (-15,0) (15,0) (0,0) (0,0) (0,0) (0,0) (0,0) (0,0) (0,0)
(0,0) (0,0) (0,0) (0,0) (0,0) (0,0) (0,0) (-15,0) (15,0) (0,0) (0,0) (0,0) (0,0)
(0,0) (-7,0) (-8,0) (0,0) (0,1) (15,0) (0,0) (0,0) (0,0) (0,0) (0,0) (0,0) (0,0)
(0,0) (0,0) (0,0) (0,0) (0,0) (0,0) (-3,0) (-12,0) (0,1) (15,0) (0,0) (0,0) 
(0,0) (0,0) (0,0) (0,0) (0,0) (0,0) (0,0) (0,0) (0,0) (0,0) (0,0) (0,0) (0,0) 
(0,0) (0,0) (0,0) (0,0) (0,0) (0,0) (0,0) (0,0) (0,0) (0,0) (-15,0) (15,0) (0,0)
(0,0) (-15,0) (15,0) (0,0) (0,0) (0,0) (0,0) (0,0) (0,0) (-15,0) (15,0) (0,0) 
(0,0) (0,0) (0,0) (0,0) (0,0) (-15,0) (15,0) (0,0) (0,0) (0,0) (0,0) (0,0) (0,0)
(0,0) (0,0) (0,0) (0,0) (-15,0) (15,0) (0,0) (0,0) (-15,0) (15,0) (0,0) (0,0) 
(0,0) (0,0) (0,0) (0,0) (-15,0) (15,0) (0,0) (0,0) (0,0) (0,0) (0,0) (0,0) 
(-15,0) (15,0) (0,0) (0,0) (0,0) (0,0) (0,0) (0,0) (-15,0) (15,0) (0,0) (0,0) 
(0,0) (0,0) (0,0) (0,0) (0,0) (0,0) (0,0) (0,0) (0,0) (0,0) (0,0) (0,0) (-15,0) 
(15,0) (0,0) (0,0) (0,0) (0,0) (0,0) (-7,0) (-8,0) (0,0) (0,1) (15,0) (0,0) 
(0,0) (0,0) (0,0) (0,0) (-15,0) (15,0) (0,0) (0,0) (0,0) (0,0) (0,0) (0,0) (0,0)
(0,0) (0,0) (0,0) (0,0) (0,0) (0,0) (0,0) (-15,0) (15,0) (0,0) (0,0) (0,0) (0,0)
(0,0) (0,0) (-15,0) (15,0) (0,0) (0,0) (0,0) (0,0) (0,0) (0,0) (-15,0) (15,0) 
(0,0) (0,0) (0,0) (0,0) (0,0) (0,0) (0,0) (0,0) (0,0) (0,0) (0,0) (0,0) (0,0) 
(0,0) (-15,0) (15,0) (0,0) (0,0) (0,0) (0,0) (0,0) (0,0) (0,0) (0,0) (0,0) (0,0)
(0,0) (0,0) (0,0) (0,0) (-15,0) (15,0) (0,0) (0,0) (0,0) (0,0) (0,0) (0,0) (0,0)
(0,0) (0,0) (0,0) (0,0) (0,0) (0,0) (0,0) (0,0) (0,0) (0,0) (0,0) (0,0) (0,0) 
(0,0) (0,0) (0,0) (0,0) (0,0) (0,0) (0,0) (0,0) (0,0) (0,0) (0,0) (0,0) (0,0) 
(0,0) (0,0) (0,0) (0,0) (0,0) (-3,0) (-12,0) (0,1) (15,0) (0,0) (0,0) (0,0) 
(0,0) (0,0) (0,0) (0,0) (0,0) (0,0) (0,0) (0,0) (0,0) (0,0) (0,0) (0,0) (0,0) 
(0,0) (0,0) (0,0) (0,0) (0,0) (0,0) (0,0) (0,0) (0,0) (-15,0) (15,0) (0,0) (0,0)
(-15,0) (15,0) (0,0) (0,0) (0,0) (0,0) (0,0) (0,0) (-15,0) (15,0) (0,0) (0,0) 
(0,0) (0,0) (0,0) (0,0) (-15,0) (15,0) (0,0) (0,0) (0,0) (0,0) (0,0) (0,0) (0,0)
(0,0) (0,0) (0,0) (-15,0) (15,0) (0,0) (0,0) (-15,0) (15,0) (0,0) (0,0) (0,0) 
(0,0) (0,0) (0,0) (-15,0) (15,0) (0,0) (0,0) (0,0) (0,0) (0,0) (0,0) (-15,0) 
(15,0) (0,0) (0,0) (0,0) (0,0) (0,0) (0,0) (-15,0) (15,0) (0,0) (0,0) (0,0) 
(0,0) (0,0) (0,0) (0,0) (0,0) (0,0) (0,0) (0,0) (0,0) (0,0) (0,0) (-15,0) (15,0)
(0,0) (0,0) (0,0) (0,0) (0,0) (-7,0) (-8,0) (0,0) (0,1) (-2,1) (0,0) (0,0) (0,0)
(17,0) (0,0) (-17,0) (0,0) (17,0) (-15,0) (-2,0) (0,0) (0,0) (2,0) (15,0) (0,0) 
(0,0) (0,0) (0,0) (0,0) (0,0) (-15,0) (15,0) (0,0) (0,0) (0,0) (0,0) (0,0) (0,0)
(-15,0) (15,0) (-15,0) (0,0) (0,0) (0,0) (0,1) (0,0) (0,0) (0,0) (0,0) (0,1) 
(0,0) (0,0) (0,0) (0,0) (0,0) (0,0) (0,1) (0,0) (0,0) (0,0) (0,0) (0,1) (0,0) 
(0,0) (15,0) (0,0) (0,0) (0,0) (0,0) (0,0) (-15,0) (15,0) (0,0) (0,0) (0,0) 
(0,0) (0,0) (0,0) (-15,0) (15,0) (-15,0) (0,0) (0,0) (0,0) (0,1) (0,0) (0,0) 
(0,0) (0,0) (0,1) (0,0) (0,0) (0,0) (0,0) (0,0) (0,0) (0,1) (0,0) (0,0) (0,0) 
(0,0) (0,1) (0,0) (0,0) (15,0) (0,0) (0,0) (0,0) (0,0) (0,0) (-15,0) (15,0) 
(0,0) (0,0) (0,0) (0,0) (0,0) (0,0) (-15,0) (15,0) (-15,0) (0,0) (0,0) (0,0) 
(0,1) (0,0) (0,0) (0,0) (0,0) (0,1) (0,0) (0,0) (-2,0) (2,0) (0,0) (0,0) (0,0) 
(-2,0) (2,0) (0,0) (-2,1) 
*Track 8
*No note_on events found in Track 8
*Track 9
*No note_on events found in Track 9
*Track 10
*No note_on events found in Track 10
