*Number-of-Occurences Normalized-Frequency Ngram
457 0.21157 ((0,0),(0,0),(0,0))
60 0.02778 ((0,0),(5,0),(0,0))
47 0.02176 ((15,0),(0,0),(0,0))
44 0.02037 ((0,0),(0,0),(5,0))
42 0.01944 ((0,0),(-15,0),(15,0))
42 0.01944 ((5,0),(0,0),(0,0))
42 0.01944 ((0,0),(0,0),(-15,0))
42 0.01944 ((0,0),(-5,0),(0,0))
39 0.01806 ((-15,0),(15,0),(0,0))
31 0.01435 ((0,0),(0,0),(-12,0))
30 0.01389 ((0,0),(-12,0),(7,0))
29 0.01343 ((0,0),(0,1),(0,0))
25 0.01157 ((-12,0),(12,0),(-12,0))
24 0.01111 ((7,0),(0,0),(0,0))
21 0.00972 ((0,1),(0,0),(0,0))
20 0.00926 ((7,0),(-7,0),(0,0))
20 0.00926 ((0,0),(7,0),(0,0))
19 0.00880 ((-5,0),(0,0),(5,0))
19 0.00880 ((5,0),(0,0),(-5,0))
18 0.00833 ((-7,0),(0,0),(7,0))
18 0.00833 ((-12,0),(7,0),(0,0))
16 0.00741 ((0,0),(7,0),(-7,0))
14 0.00648 ((0,0),(0,0),(0,1))
14 0.00648 ((0,0),(0,0),(12,0))
12 0.00556 ((-12,0),(19,0),(-12,0))
12 0.00556 ((-12,0),(7,0),(-12,0))
12 0.00556 ((-5,0),(0,0),(7,0))
12 0.00556 ((12,0),(-12,0),(19,0))
12 0.00556 ((7,0),(-12,0),(12,0))
12 0.00556 ((19,0),(-12,0),(12,0))
11 0.00509 ((-7,0),(0,0),(0,0))
11 0.00509 ((-7,0),(0,0),(5,0))
10 0.00463 ((-12,0),(0,0),(0,0))
10 0.00463 ((0,0),(5,0),(-7,0))
10 0.00463 ((5,0),(-7,0),(0,0))
9 0.00417 ((0,0),(0,0),(-5,0))
9 0.00417 ((0,0),(-7,0),(0,0))
9 0.00417 ((7,0),(0,0),(-5,0))
8 0.00370 ((-9,0),(0,0),(0,0))
8 0.00370 ((-5,0),(0,0),(0,0))
8 0.00370 ((9,0),(-9,0),(0,0))
8 0.00370 ((0,0),(-2,0),(0,0))
8 0.00370 ((0,0),(9,0),(-9,0))
8 0.00370 ((0,1),(15,0),(0,0))
7 0.00324 ((0,0),(3,0),(0,0))
7 0.00324 ((0,0),(0,0),(2,0))
7 0.00324 ((-7,1),(0,0),(0,1))
7 0.00324 ((-5,0),(0,0),(3,0))
7 0.00324 ((-1,0),(-2,0),(-2,0))
7 0.00324 ((0,0),(0,0),(7,0))
7 0.00324 ((0,0),(0,0),(9,0))
7 0.00324 ((3,0),(0,0),(-5,0))
6 0.00278 ((-12,0),(5,0),(0,0))
6 0.00278 ((12,0),(-12,0),(0,0))
6 0.00278 ((0,-1),(7,0),(-2,0))
6 0.00278 ((0,1),(7,0),(0,1))
6 0.00278 ((12,0),(-12,0),(-7,1))
6 0.00278 ((0,0),(12,0),(-10,1))
6 0.00278 ((0,1),(12,0),(-2,0))
6 0.00278 ((7,0),(0,0),(-7,0))
6 0.00278 ((7,0),(-7,0),(7,0))
6 0.00278 ((-12,0),(-7,1),(0,0))
6 0.00278 ((0,0),(19,0),(0,0))
6 0.00278 ((-10,1),(0,0),(0,1))
6 0.00278 ((12,0),(-12,0),(5,0))
6 0.00278 ((12,0),(-2,0),(-10,0))
6 0.00278 ((-7,0),(7,0),(-7,0))
6 0.00278 ((12,0),(-10,1),(0,0))
6 0.00278 ((0,1),(0,0),(0,1))
6 0.00278 ((7,0),(-2,0),(-5,2))
6 0.00278 ((0,0),(0,1),(12,0))
6 0.00278 ((-2,0),(0,0),(0,0))
6 0.00278 ((0,0),(0,1),(7,0))
5 0.00231 ((9,0),(-4,0),(12,0))
5 0.00231 ((0,0),(2,0),(-5,0))
5 0.00231 ((0,0),(-12,0),(9,0))
5 0.00231 ((0,0),(2,0),(0,0))
5 0.00231 ((-4,0),(12,0),(0,0))
5 0.00231 ((0,0),(-5,0),(7,0))
5 0.00231 ((-12,0),(9,0),(-4,0))
5 0.00231 ((0,0),(0,1),(15,0))
5 0.00231 ((0,1),(0,0),(-12,0))
5 0.00231 ((-5,0),(7,0),(-7,0))
5 0.00231 ((0,0),(-12,0),(0,0))
4 0.00185 ((0,1),(-1,-1),(-2,1))
4 0.00185 ((-2,1),(0,1),(-1,-1))
4 0.00185 ((0,0),(0,0),(14,0))
4 0.00185 ((0,0),(12,0),(-12,0))
4 0.00185 ((12,0),(0,0),(0,0))
4 0.00185 ((-2,0),(0,0),(-3,0))
4 0.00185 ((0,0),(10,0),(-12,0))
4 0.00185 ((-12,0),(12,0),(0,0))
4 0.00185 ((-3,0),(3,0),(0,0))
4 0.00185 ((10,0),(-12,0),(0,0))
4 0.00185 ((1,1),(-1,0),(-2,0))
4 0.00185 ((0,0),(-10,0),(0,0))
4 0.00185 ((2,0),(0,0),(0,0))
4 0.00185 ((-2,0),(-2,1),(0,1))
4 0.00185 ((0,0),(-3,0),(3,0))
4 0.00185 ((-10,0),(0,0),(10,0))
4 0.00185 ((3,0),(0,0),(-10,0))
3 0.00139 ((2,0),(-4,2),(0,-1))
3 0.00139 ((-2,0),(0,3),(7,0))
3 0.00139 ((-5,2),(-3,-1),(-2,0))
3 0.00139 ((9,-2),(0,0),(1,1))
3 0.00139 ((5,-3),(-2,0),(-10,0))
3 0.00139 ((-2,0),(-2,0),(7,2))
3 0.00139 ((-7,0),(0,0),(2,0))
3 0.00139 ((0,0),(0,0),(19,0))
3 0.00139 ((-7,0),(-7,0),(0,0))
3 0.00139 ((0,0),(0,0),(2,1))
3 0.00139 ((-10,0),(-2,1),(0,0))
3 0.00139 ((2,0),(2,0),(-4,2))
3 0.00139 ((2,0),(3,0),(-5,2))
3 0.00139 ((-3,0),(-2,0),(3,-1))
3 0.00139 ((-2,0),(0,0),(0,1))
3 0.00139 ((-7,0),(10,0),(0,0))
3 0.00139 ((0,0),(2,0),(-2,2))
3 0.00139 ((-2,0),(-5,2),(5,-1))
3 0.00139 ((5,0),(0,0),(-7,0))
3 0.00139 ((-4,2),(0,-1),(2,0))
3 0.00139 ((0,0),(-7,0),(-8,0))
3 0.00139 ((15,0),(0,0),(-12,0))
3 0.00139 ((-5,2),(5,-1),(-10,0))
3 0.00139 ((2,1),(0,0),(0,1))
3 0.00139 ((10,0),(0,0),(0,0))
3 0.00139 ((0,3),(7,0),(0,-1))
3 0.00139 ((0,0),(1,1),(-1,0))
3 0.00139 ((12,0),(-5,0),(0,0))
3 0.00139 ((0,0),(2,1),(0,0))
3 0.00139 ((-2,0),(-2,0),(0,3))
3 0.00139 ((-3,-1),(-2,0),(-2,1))
3 0.00139 ((0,0),(12,0),(-5,0))
3 0.00139 ((0,0),(7,0),(-5,1))
3 0.00139 ((15,0),(-15,0),(0,0))
3 0.00139 ((-7,0),(0,0),(19,0))
3 0.00139 ((-3,-1),(-2,0),(-2,0))
3 0.00139 ((-2,0),(3,-1),(-5,1))
3 0.00139 ((3,-1),(-5,1),(0,-1))
3 0.00139 ((7,0),(0,-1),(7,0))
3 0.00139 ((-3,0),(1,0),(0,0))
3 0.00139 ((-2,0),(7,2),(-3,-1))
3 0.00139 ((0,1),(-2,0),(0,0))
3 0.00139 ((0,0),(-12,0),(12,0))
3 0.00139 ((-2,0),(7,3),(9,-2))
3 0.00139 ((-15,0),(0,0),(0,0))
3 0.00139 ((7,3),(9,-2),(0,0))
3 0.00139 ((0,0),(14,0),(-2,0))
3 0.00139 ((-2,0),(-10,0),(7,0))
3 0.00139 ((-2,1),(0,0),(0,1))
3 0.00139 ((7,0),(0,1),(-7,0))
3 0.00139 ((19,0),(0,0),(-12,0))
3 0.00139 ((19,0),(0,0),(0,0))
3 0.00139 ((7,0),(0,1),(0,0))
3 0.00139 ((7,0),(0,0),(-2,0))
3 0.00139 ((0,-1),(2,0),(2,0))
3 0.00139 ((-7,0),(-8,0),(0,0))
3 0.00139 ((-2,0),(0,0),(-5,0))
3 0.00139 ((-8,0),(0,0),(0,1))
3 0.00139 ((7,0),(-7,0),(10,0))
3 0.00139 ((-10,0),(-2,0),(7,3))
3 0.00139 ((-5,0),(-7,0),(7,0))
3 0.00139 ((-10,0),(7,0),(-7,0))
3 0.00139 ((12,0),(0,0),(-10,0))
3 0.00139 ((0,0),(0,0),(-7,0))
3 0.00139 ((0,-1),(2,0),(3,0))
3 0.00139 ((-2,0),(-10,0),(-2,1))
3 0.00139 ((7,2),(-3,-1),(-2,0))
3 0.00139 ((0,0),(5,0),(-12,0))
3 0.00139 ((-15,0),(15,0),(-15,0))
3 0.00139 ((0,0),(-5,0),(-7,0))
3 0.00139 ((-5,1),(7,0),(0,1))
3 0.00139 ((-7,0),(7,0),(0,0))
3 0.00139 ((-5,1),(0,-1),(2,0))
3 0.00139 ((7,0),(0,1),(-2,0))
3 0.00139 ((3,0),(-5,2),(-3,-1))
3 0.00139 ((-12,0),(0,1),(15,0))
3 0.00139 ((0,1),(-7,0),(-7,0))
3 0.00139 ((14,0),(-2,0),(0,0))
3 0.00139 ((5,-1),(-10,0),(-2,0))
3 0.00139 ((7,0),(-5,1),(7,0))
3 0.00139 ((-2,0),(-5,2),(0,-1))
3 0.00139 ((0,-2),(-5,0),(0,0))
3 0.00139 ((-5,2),(0,-1),(7,0))
2 0.00093 ((0,0),(15,0),(0,0))
2 0.00093 ((0,0),(0,0),(7,1))
2 0.00093 ((0,0),(-3,0),(-12,0))
2 0.00093 ((0,0),(12,1),(-12,0))
2 0.00093 ((7,4),(5,-3),(-2,0))
2 0.00093 ((0,0),(-10,0),(5,0))
2 0.00093 ((0,0),(2,0),(-3,0))
2 0.00093 ((12,1),(-12,0),(0,0))
2 0.00093 ((2,0),(-3,0),(1,0))
2 0.00093 ((1,0),(0,0),(2,0))
2 0.00093 ((5,1),(0,0),(-2,0))
2 0.00093 ((0,0),(0,0),(15,0))
2 0.00093 ((-12,0),(0,1),(0,0))
2 0.00093 ((0,0),(0,0),(-2,0))
2 0.00093 ((0,0),(0,0),(14,1))
2 0.00093 ((5,0),(0,0),(-12,0))
2 0.00093 ((-15,0),(-7,0),(0,0))
2 0.00093 ((7,1),(0,0),(-2,0))
2 0.00093 ((5,0),(0,0),(2,0))
2 0.00093 ((0,0),(12,1),(0,0))
2 0.00093 ((0,0),(5,3),(0,-2))
2 0.00093 ((-2,0),(-1,0),(-2,0))
2 0.00093 ((-2,0),(-2,0),(-1,0))
2 0.00093 ((2,0),(0,0),(-5,0))
2 0.00093 ((14,1),(0,0),(0,1))
2 0.00093 ((-2,0),(2,0),(0,0))
2 0.00093 ((-3,0),(-12,0),(0,1))
2 0.00093 ((0,0),(-2,0),(2,0))
2 0.00093 ((0,0),(0,0),(-3,0))
2 0.00093 ((-2,1),(7,2),(-3,0))
2 0.00093 ((-2,0),(-2,0),(2,2))
2 0.00093 ((0,0),(7,1),(0,0))
2 0.00093 ((-2,0),(-2,0),(-2,0))
2 0.00093 ((-10,0),(5,0),(0,0))
2 0.00093 ((5,3),(0,-2),(-5,0))
2 0.00093 ((12,0),(0,0),(-15,0))
2 0.00093 ((-5,0),(0,0),(5,3))
2 0.00093 ((0,0),(-15,0),(-7,0))
2 0.00093 ((-12,0),(0,0),(7,0))
2 0.00093 ((-2,1),(-2,1),(7,2))
2 0.00093 ((0,0),(14,1),(0,0))
2 0.00093 ((-1,-1),(-2,1),(-2,1))
1 0.00046 ((-2,0),(2,4),(0,-3))
1 0.00046 ((-5,0),(0,0),(-4,0))
1 0.00046 ((7,0),(-2,0),(-1,0))
1 0.00046 ((0,1),(0,-1),(-8,1))
1 0.00046 ((-2,0),(7,0),(0,1))
1 0.00046 ((2,0),(-5,0),(-19,0))
1 0.00046 ((-2,2),(2,3),(0,-3))
1 0.00046 ((19,1),(0,0),(-2,0))
1 0.00046 ((-12,0),(5,1),(12,0))
1 0.00046 ((-2,2),(7,0),(-2,0))
1 0.00046 ((3,1),(-3,0),(-4,0))
1 0.00046 ((0,0),(12,0),(-12,1))
1 0.00046 ((5,0),(-12,0),(5,1))
1 0.00046 ((7,3),(0,-1),(-2,0))
1 0.00046 ((0,0),(0,1),(0,-2))
1 0.00046 ((0,0),(-2,1),(0,0))
1 0.00046 ((0,1),(0,0),(-5,0))
1 0.00046 ((-2,0),(2,4),(0,-5))
1 0.00046 ((-2,0),(-2,0),(7,0))
1 0.00046 ((-5,0),(-19,0),(0,0))
1 0.00046 ((0,1),(-8,-1),(1,2))
1 0.00046 ((0,-2),(1,1),(-1,0))
1 0.00046 ((-1,2),(5,-1),(-2,0))
1 0.00046 ((12,1),(0,0),(0,1))
1 0.00046 ((4,0),(-2,0),(-2,0))
1 0.00046 ((-10,0),(7,4),(5,-3))
1 0.00046 ((0,0),(12,0),(5,1))
1 0.00046 ((12,0),(7,1),(0,0))
1 0.00046 ((0,0),(7,1),(-12,0))
1 0.00046 ((-9,0),(9,0),(0,0))
1 0.00046 ((0,1),(0,0),(12,0))
1 0.00046 ((-4,1),(0,0),(12,0))
1 0.00046 ((0,-5),(0,0),(5,0))
1 0.00046 ((-10,0),(12,0),(-2,0))
1 0.00046 ((0,1),(-10,0),(-12,0))
1 0.00046 ((0,0),(12,0),(7,1))
1 0.00046 ((0,0),(17,0),(-15,0))
1 0.00046 ((-5,4),(0,-5),(0,0))
1 0.00046 ((12,0),(5,1),(0,0))
1 0.00046 ((-7,0),(9,0),(-7,0))
1 0.00046 ((7,2),(-3,0),(-2,0))
1 0.00046 ((-17,0),(-7,0),(0,0))
1 0.00046 ((3,0),(-2,0),(7,0))
1 0.00046 ((2,3),(0,-3),(-2,0))
1 0.00046 ((2,0),(-2,2),(7,0))
1 0.00046 ((-5,0),(0,1),(-12,0))
1 0.00046 ((-10,0),(-7,0),(0,0))
1 0.00046 ((0,0),(12,0),(-7,1))
1 0.00046 ((-4,0),(7,0),(0,0))
1 0.00046 ((3,1),(0,0),(0,1))
1 0.00046 ((0,0),(17,0),(0,0))
1 0.00046 ((0,0),(-1,0),(-4,0))
1 0.00046 ((-2,0),(-1,0),(1,0))
1 0.00046 ((2,2),(7,3),(0,-1))
1 0.00046 ((0,1),(5,2),(-3,0))
1 0.00046 ((12,0),(-7,1),(0,0))
1 0.00046 ((9,0),(0,0),(-5,0))
1 0.00046 ((0,3),(0,-5),(0,0))
1 0.00046 ((0,0),(0,1),(5,-3))
1 0.00046 ((-2,0),(-5,4),(0,-5))
1 0.00046 ((5,1),(0,0),(0,1))
1 0.00046 ((0,0),(0,0),(17,0))
1 0.00046 ((7,1),(-12,0),(0,1))
1 0.00046 ((-2,2),(0,0),(0,0))
1 0.00046 ((0,0),(0,1),(-24,0))
1 0.00046 ((-12,0),(0,0),(7,1))
1 0.00046 ((0,-1),(-2,0),(2,4))
1 0.00046 ((2,0),(0,0),(-2,1))
1 0.00046 ((0,0),(5,0),(0,1))
1 0.00046 ((0,0),(2,0),(15,0))
1 0.00046 ((2,4),(0,-3),(-2,0))
1 0.00046 ((7,0),(0,0),(2,0))
1 0.00046 ((2,0),(-2,2),(0,0))
1 0.00046 ((-7,0),(0,0),(9,0))
1 0.00046 ((2,0),(-5,0),(-14,1))
1 0.00046 ((-2,1),(5,1),(-2,0))
1 0.00046 ((2,0),(15,0),(0,0))
1 0.00046 ((-7,1),(0,0),(12,1))
1 0.00046 ((2,0),(-2,2),(2,3))
1 0.00046 ((-1,0),(0,0),(-4,0))
1 0.00046 ((0,0),(14,0),(-12,0))
1 0.00046 ((-2,0),(7,0),(0,0))
1 0.00046 ((0,1),(-2,1),(0,0))
1 0.00046 ((-8,-1),(1,2),(4,-1))
1 0.00046 ((-2,0),(-10,0),(7,4))
1 0.00046 ((-10,0),(-10,1),(0,0))
1 0.00046 ((-12,0),(0,0),(12,1))
1 0.00046 ((1,0),(4,0),(-2,0))
1 0.00046 ((-1,0),(1,1),(-2,1))
1 0.00046 ((0,0),(-4,0),(7,0))
1 0.00046 ((0,0),(5,0),(-1,0))
1 0.00046 ((17,0),(-15,0),(-2,0))
1 0.00046 ((-5,0),(5,1),(0,0))
1 0.00046 ((9,0),(-7,0),(0,0))
1 0.00046 ((-2,1),(0,0),(0,0))
1 0.00046 ((5,0),(-12,0),(19,1))
1 0.00046 ((-1,-1),(-2,1),(5,1))
1 0.00046 ((-19,0),(0,0),(0,0))
1 0.00046 ((-4,0),(0,0),(0,0))
1 0.00046 ((-10,1),(0,0),(12,1))
1 0.00046 ((1,0),(0,0),(-2,0))
1 0.00046 ((-9,1),(12,0),(-12,0))
1 0.00046 ((2,0),(-5,0),(-9,1))
1 0.00046 ((0,0),(-1,0),(-2,0))
1 0.00046 ((0,0),(-10,0),(-7,0))
1 0.00046 ((-10,0),(-12,0),(12,0))
1 0.00046 ((0,0),(-17,0),(0,0))
1 0.00046 ((0,0),(-5,0),(-4,1))
1 0.00046 ((-12,0),(3,1),(0,0))
1 0.00046 ((5,0),(0,1),(0,-1))
1 0.00046 ((0,-1),(-8,1),(3,0))
1 0.00046 ((5,1),(-5,0),(0,0))
1 0.00046 ((0,0),(0,0),(-1,0))
1 0.00046 ((5,0),(2,0),(-7,1))
1 0.00046 ((-4,0),(5,0),(2,0))
1 0.00046 ((-1,-1),(-2,1),(0,1))
1 0.00046 ((-12,0),(0,0),(-2,1))
1 0.00046 ((-12,0),(0,0),(-7,1))
1 0.00046 ((-4,0),(5,1),(-5,0))
1 0.00046 ((-2,1),(0,0),(12,1))
1 0.00046 ((0,1),(-17,0),(-7,0))
1 0.00046 ((-2,0),(-2,0),(-1,2))
1 0.00046 ((9,1),(0,-2),(1,1))
1 0.00046 ((0,1),(-24,0),(0,0))
1 0.00046 ((-14,1),(0,0),(12,0))
1 0.00046 ((0,0),(5,1),(0,0))
1 0.00046 ((12,0),(-2,0),(0,0))
1 0.00046 ((-7,1),(0,0),(0,0))
1 0.00046 ((-2,0),(2,2),(7,3))
1 0.00046 ((-12,1),(0,0),(0,1))
1 0.00046 ((7,2),(-3,0),(1,0))
1 0.00046 ((5,2),(-3,0),(-2,0))
1 0.00046 ((0,1),(0,-2),(-5,0))
1 0.00046 ((0,-3),(-2,0),(-2,0))
1 0.00046 ((5,0),(-12,0),(0,1))
1 0.00046 ((0,-3),(-2,0),(-5,4))
1 0.00046 ((0,0),(0,1),(-2,1))
1 0.00046 ((12,0),(-12,0),(12,0))
1 0.00046 ((0,0),(-2,0),(2,4))
1 0.00046 ((4,-1),(3,1),(-3,0))
1 0.00046 ((-1,0),(-4,0),(0,0))
1 0.00046 ((17,0),(0,0),(-17,0))
1 0.00046 ((-17,0),(0,0),(17,0))
1 0.00046 ((-2,1),(0,3),(0,-5))
1 0.00046 ((-24,0),(0,0),(0,0))
1 0.00046 ((12,0),(-12,1),(0,0))
1 0.00046 ((0,0),(7,4),(5,-3))
1 0.00046 ((-2,0),(2,2),(9,1))
1 0.00046 ((1,2),(4,-1),(3,1))
1 0.00046 ((0,0),(0,0),(5,1))
1 0.00046 ((-1,0),(1,0),(4,0))
1 0.00046 ((7,1),(0,0),(0,1))
1 0.00046 ((-2,0),(-1,2),(5,-1))
1 0.00046 ((2,4),(0,-5),(-1,0))
1 0.00046 ((-2,0),(0,0),(-1,0))
1 0.00046 ((0,-5),(0,0),(2,0))
1 0.00046 ((7,0),(-7,0),(9,0))
1 0.00046 ((5,1),(12,0),(-12,0))
1 0.00046 ((2,0),(-7,1),(0,0))
1 0.00046 ((5,1),(-2,0),(0,0))
1 0.00046 ((0,1),(5,-3),(-2,0))
1 0.00046 ((-15,0),(-2,0),(0,0))
1 0.00046 ((-2,1),(0,1),(5,2))
1 0.00046 ((0,0),(-4,0),(5,0))
1 0.00046 ((-12,0),(19,1),(0,0))
1 0.00046 ((-12,0),(0,0),(7,4))
1 0.00046 ((5,0),(-1,0),(0,0))
1 0.00046 ((-5,0),(-4,1),(0,0))
1 0.00046 ((-8,1),(3,0),(-2,0))
1 0.00046 ((-5,0),(-14,1),(0,0))
1 0.00046 ((2,0),(-5,0),(0,1))
1 0.00046 ((0,-5),(-1,0),(1,1))
1 0.00046 ((14,0),(-12,0),(0,1))
1 0.00046 ((0,1),(-12,0),(12,0))
1 0.00046 ((-12,0),(12,0),(-9,0))
1 0.00046 ((2,0),(-5,0),(5,1))
1 0.00046 ((0,0),(0,1),(-10,0))
1 0.00046 ((0,0),(-12,0),(3,1))
1 0.00046 ((0,0),(-7,1),(0,0))
1 0.00046 ((-5,0),(-9,1),(12,0))
1 0.00046 ((12,0),(-9,0),(9,0))
1 0.00046 ((5,-1),(-2,0),(-2,1))
1 0.00046 ((2,2),(9,1),(0,-2))
1 0.00046 ((7,0),(0,1),(-8,-1))
1 0.00046 ((-2,0),(-10,0),(-10,1))
1 0.00046 ((12,1),(0,0),(0,0))
1 0.00046 ((0,0),(0,1),(-17,0))
1 0.00046 ((-2,0),(-10,0),(12,0))
1 0.00046 ((-3,0),(-4,0),(5,1))
1 0.00046 ((1,1),(-2,1),(0,3))
